id1,id2
1010,1713
1019,687
104,2487
1058,2630
1061,1973
1061,1728
1079,2545
1094,901
11,298
110,283
1106,2106
1106,2511
1106,869
1121,849
1124,1985
1124,2780
113,1884
1130,2357
1133,1900
1142,188
1148,2858
1154,30
116,472
1163,511
1166,763
1169,153
1184,2309
1187,1814
119,1862
1193,621
1193,822
1196,1802
1199,2639
1202,1095
122,391
1238,2965
1238,2744
1238,2169
1238,984
1238,937
1241,1307
1247,1685
1253,2175
1253,959
1259,1950
1259,168
1265,278
1283,1277
1295,2808
1298,274
1298,2180
1301,1390
1304,132
1307,256
1310,1574
1310,1843
1313,1517
1316,1950
1316,446
1334,333
134,13
1343,49
1352,1660
1361,258
1364,2934
1379,517
1382,1963
140,240
1403,1351
1403,1651
1403,2070
1403,2547
1403,2380
1406,2700
1406,848
1415,1322
1421,2012
1430,385
1436,1574
1442,1243
1457,2175
1457,2068
1457,2530
1457,2166
1457,1044
1457,476
1457,959
146,434
1460,562
1466,666
1466,750
149,27
1496,2959
1496,1962
1496,1973
1496,1728
1496,534
1499,953
1502,1904
1502,2530
1508,1740
152,1321
1523,1843
1529,455
1529,1728
1529,534
1532,2439
1538,2862
1538,1000
1541,1651
1541,2547
1550,687
1553,2201
1556,1355
1565,2928
1571,1172
158,2982
1583,2064
1586,15
1598,1826
161,809
1610,1925
1616,1260
1616,2980
1625,489
1628,1962
1628,2344
1631,672
1631,984
164,22
1640,164
1643,2566
1643,2530
1643,1632
1643,666
1646,1026
1652,1871
1664,2909
1667,760
1670,34
1673,175
1679,537
1679,450
1685,26
1688,400
1694,2585
1694,2461
17,2306
170,39
1703,624
1706,2068
1706,1636
1706,778
1706,1044
1712,2160
1724,2041
173,159
1730,1195
1730,1478
1733,1167
1736,497
1745,2086
1745,2532
1745,2802
1748,2289
1757,2836
1757,1962
1757,455
176,705
1760,531
1760,2532
1781,2802
1781,1973
1781,2959
1781,2836
1781,1728
1781,807
1787,1706
1787,2131
179,2573
1790,212
1790,1077
1793,2773
1796,12
1808,570
1811,1275
1814,2963
1814,293
1814,1671
182,2237
1820,2835
1832,2623
1832,2073
1841,573
1841,483
1844,2940
1847,2295
185,1203
1850,464
1853,1883
1853,1478
1856,198
1871,2273
1874,1973
1880,1556
1880,367
1892,729
1904,2802
191,2764
191,2289
1910,1254
1916,2388
1916,1803
1922,1630
1925,1866
1937,876
194,3
1946,467
1970,2211
1976,309
1979,1728
1991,171
1994,233
2,2212
20,674
2006,2668
2009,1320
2009,23
2024,988
2024,354
2027,2522
2030,1747
2030,326
2048,539
2054,510
2057,1478
2057,926
2057,450
2057,1195
2060,2038
2060,2729
2075,1962
2075,2740
2096,60
2102,1094
2102,1418
2108,1303
2138,2671
2144,2797
215,90
2156,2629
2159,752
2159,1980
2189,1074
2189,660
2192,1763
2198,501
2201,625
2201,450
2201,537
2201,2755
2207,2690
2210,666
2225,2453
2228,1208
2231,2955
2234,2398
224,2265
2258,2755
2258,485
2267,1205
2273,2139
2273,2766
2273,2854
2273,431
2294,238
23,507
23,546
23,920
230,2897
2306,2465
2315,992
2315,2633
2315,2887
2327,1320
2333,1642
2339,1972
2348,2530
2351,2857
2360,2683
2363,2266
2366,1803
2366,2568
2381,2377
2381,1412
2384,1802
2384,537
2384,450
2384,476
2384,750
2387,2417
239,2437
2393,2443
2405,374
2411,1803
2414,1333
2417,823
242,32
2420,115
2420,2836
2420,2559
2438,2108
2438,2760
2441,233
2441,2125
2477,1964
2480,976
2489,891
2498,1691
2501,1392
251,2607
2513,1397
2525,760
2531,2633
2531,992
2531,1441
2534,353
2534,2530
2540,748
2561,2211
2564,2204
2570,2959
2573,2889
2573,1363
2573,1388
2573,750
2573,1803
2573,666
2576,2246
2576,715
2594,2320
2603,1241
2609,631
2609,549
2612,2357
2618,658
2618,1223
2627,141
2630,1936
2639,2330
2648,546
266,651
2663,281
2666,1044
2672,2532
2672,450
2672,310
2675,1390
2684,2429
2687,819
269,717
2714,246
272,201
2723,1253
2723,2362
2726,1931
2732,2689
2732,589
2732,361
2735,1573
275,2659
2753,1808
2753,2261
2756,1184
2759,125
2765,1676
2768,877
2768,537
2768,450
2771,1486
2774,181
2774,1320
2777,1780
278,901
278,1904
278,2019
2795,915
2795,1802
2804,1646
2816,854
2822,2516
2825,886
2831,1776
284,1320
2840,483
2843,2530
2855,1561
2858,364
2864,1306
287,2807
287,213
2870,1531
2873,2489
2897,1925
2897,408
2897,2755
2909,2138
2909,220
2927,2423
2930,2889
2930,2530
2930,877
2930,537
2930,450
2930,750
2930,476
2942,967
2942,571
2945,315
2954,2099
2963,2954
2963,1925
2969,1636
2969,1255
2972,574
2975,785
2978,1748
2978,2152
2987,95
2987,485
302,2432
308,1488
314,504
317,215
32,158
320,233
341,806
347,2835
347,901
347,233
35,1363
35,2766
350,549
350,631
350,783
356,2655
356,2166
359,223
365,2726
38,1606
392,2077
395,1521
395,246
398,1904
398,2190
404,444
407,869
407,348
407,2106
41,330
410,204
416,2577
416,2144
425,2052
428,6
437,2107
437,2755
437,718
44,54
440,716
443,2746
452,1641
461,1746
47,1297
473,2144
473,2577
479,1557
482,115
485,1735
491,2564
5,790
50,1070
500,600
500,897
503,2125
503,901
503,1478
503,233
503,851
503,1904
503,750
506,2242
509,1310
512,2015
512,2158
521,104
527,1150
53,235
533,1814
536,1364
542,122
542,1605
542,1492
542,2229
545,2055
548,1878
551,1402
557,2619
557,177
56,473
581,690
587,2076
587,1365
59,386
590,481
593,377
593,129
605,810
605,1225
608,108
611,2944
623,851
623,233
623,246
623,2125
629,2345
629,1078
629,907
635,701
647,1020
65,926
65,2889
656,2039
659,888
68,1659
695,2573
698,1446
698,1044
698,1904
698,901
698,2399
701,943
704,2739
707,450
707,1137
707,1802
707,1803
707,926
707,537
707,2889
710,2773
716,685
719,1299
719,1757
728,861
731,2506
743,1591
743,1802
743,1653
743,750
743,1728
746,937
755,1459
758,1838
77,231
782,1674
794,534
794,828
794,455
8,71
80,1105
803,1044
812,1624
821,984
824,249
83,191
833,2519
842,903
845,1398
854,322
857,2344
86,113
860,513
863,2057
884,2219
887,1755
887,771
89,574
890,2492
890,2766
893,984
893,953
902,1235
911,2033
914,368
926,282
929,2068
929,2278
932,323
941,543
95,1043
953,2983
953,2588
953,1081
953,853
962,2755
968,2805
968,542
977,2445
98,1005
980,402
983,1621
986,1973
986,2959
986,633
986,534
986,1728
989,51
992,828
995,1588
995,1728
998,1764
0,1180
1005,1124
1008,2305
1020,455
1020,450
1020,534
1020,1728
1020,877
1020,537
1023,1912
1023,1824
1023,574
1023,347
1023,778
1023,2038
1035,2857
1035,2261
1035,1808
1038,2390
1047,560
105,2100
1050,1826
1062,1649
1065,264
108,59
1083,165
1101,2074
1101,1569
1104,1478
1107,1237
1107,666
1107,750
1122,1470
114,851
114,477
114,233
114,2125
114,2342
1140,2219
1140,1195
1140,1904
1140,1478
1143,1863
1149,2672
1152,877
1155,1195
1155,1875
1158,1184
1161,396
1167,2543
117,606
1173,1520
1197,2128
1215,297
1224,1787
1224,950
1224,388
1227,2096
123,278
123,45
1233,2650
1236,1448
1245,114
1251,486
1254,539
126,267
1269,69
1272,2208
1278,1624
1281,631
1281,1925
1281,549
1281,1071
1281,440
1281,998
1281,2887
1281,1962
1287,688
1293,2768
1293,2885
1296,2759
1299,1889
1299,2305
1305,2317
1308,502
1317,1387
132,678
1320,1371
1326,1018
1332,2322
1338,329
1341,1534
135,618
1356,1728
1356,1973
1362,249
1362,1044
1368,2570
1374,2484
1377,55
1377,470
1377,1392
1380,742
1386,2967
1389,1744
1395,2118
1398,1604
1401,2959
1410,1817
1416,270
1419,1104
1419,1962
1419,2031
1434,914
1437,245
144,516
144,434
1443,2757
1446,98
1449,813
1449,967
1461,1485
1461,2458
1467,1201
147,2553
1476,1181
1476,2543
1479,666
1479,1632
1479,2530
1479,2590
1479,2566
1488,232
1494,2646
1497,1769
1506,1565
1506,1059
1521,1897
153,31
1533,2530
1542,453
1551,1752
1551,2830
1557,967
1557,1413
1557,642
156,1356
1563,1925
1566,2933
1581,1610
1581,2652
1590,877
1596,2310
1596,1979
1599,1086
1602,1006
1605,1356
1614,1157
162,2305
162,2401
162,1889
1623,1040
1629,1651
1629,2257
1629,2547
1638,455
1641,241
1647,2530
1653,2005
1656,2701
1674,1802
1674,915
1677,2836
1677,2755
1683,2792
1683,2755
1683,625
1698,2095
1707,2953
1713,140
1719,312
1725,1661
1728,408
1728,1820
1728,2755
1731,1808
1737,388
1737,1787
174,1044
1743,1446
1743,2530
1752,519
1755,412
1764,2965
1779,2179
1782,1149
1791,2847
1797,50
18,197
1800,1356
1809,1765
1809,1795
1812,945
1815,1636
1818,426
1821,551
183,1831
183,877
1839,2169
1851,75
1851,2858
186,262
1869,317
1872,1791
1881,1543
1887,851
1887,233
1887,750
1887,1925
1887,545
1887,2125
189,1832
1896,1386
1899,1962
1899,1803
1902,475
1908,1195
1911,665
192,294
1920,2889
1920,926
1920,574
1923,1003
1929,2158
1929,2136
1929,2885
1929,1904
1929,1446
1929,901
1929,1044
1929,1912
1932,1855
1932,1326
1950,840
1950,450
1950,2532
1950,2086
1959,151
1971,450
198,2554
1980,901
1980,1904
1980,1446
1980,2038
1983,1659
1989,750
2001,5
2004,1647
2007,574
201,1015
2013,393
2016,2305
2016,1889
2025,2889
2028,40
2034,44
204,2327
2040,880
2043,1754
2043,750
2043,1816
2043,1446
2055,343
207,829
2079,1028
210,2355
2103,248
2112,1957
2115,2837
2136,2959
2136,2802
2136,1973
2136,1728
2136,450
2136,537
2136,534
2139,2536
2151,1636
2151,1912
2151,1044
2151,2166
2151,2054
2151,2068
2154,336
2157,135
2163,50
2169,2933
2172,2751
2175,625
2184,124
2187,2964
219,431
219,2139
219,2766
2196,1240
2196,1591
2196,926
2196,1728
2196,2889
2199,1728
2205,1409
2208,916
2217,1962
2226,750
2226,2530
2226,2566
2229,1630
2241,1624
2259,1925
2259,2562
2271,1803
2271,750
2271,546
2277,1721
2277,989
228,1187
2280,1680
2280,1774
2289,2934
2289,2538
2295,1081
231,823
231,163
2313,1728
2322,1807
2322,1031
2325,57
2334,2740
2334,2543
2337,287
234,982
2370,881
2388,1446
2388,750
2394,1412
24,88
2403,1300
2403,1520
2403,1369
2412,2773
2412,1537
243,65
2430,1448
2442,450
2451,2142
246,608
2481,1360
2484,1559
2502,1994
2505,2702
2508,2959
2508,1973
2508,1728
2514,1184
2520,2543
2520,450
2520,537
2523,2508
2535,2033
2538,2139
2538,2766
2538,431
2544,1446
2547,2543
2547,2496
2547,1857
255,2959
255,1728
255,63
2553,91
2565,2694
2565,980
2574,571
2574,2883
2577,926
2580,1483
2595,1462
2598,1802
2598,2566
2598,2530
2601,602
2604,2768
2604,713
2607,992
2607,2633
2616,2805
2616,115
2619,1624
2622,2013
2628,10
2631,920
2637,1676
2640,1555
2646,20
2649,2477
2652,1543
2652,478
267,2858
267,1876
267,1320
2670,2755
2670,2126
2670,625
2676,1045
2688,1591
27,801
2703,1039
2709,869
2715,2836
2721,877
2721,1962
2721,2325
2727,931
2727,2968
273,352
273,1458
2739,2794
2751,2342
2760,1539
2769,2742
2778,2125
2778,233
2778,851
2778,750
279,1309
2802,1513
2811,150
2817,2563
282,1023
2838,1973
2844,1873
2847,901
2847,246
285,2037
2850,126
2853,1466
2859,2919
2874,1616
2877,2344
288,2591
2880,1728
2880,534
2880,1973
2880,2959
2889,1962
2892,1790
2901,2261
2907,877
2907,1591
2907,1800
2907,1904
2910,1974
2925,2695
2937,2571
294,2362
294,41
294,1644
2940,964
2949,1093
2952,605
297,2510
2973,381
2976,2800
2991,2889
2991,574
2994,877
2994,926
2994,2889
2997,246
2997,1293
3,672
30,2060
30,2535
303,2742
309,2577
312,2889
312,926
315,0
321,2979
324,1881
327,101
33,2190
330,1451
333,1908
342,365
345,766
348,537
348,828
348,450
348,2285
348,2530
348,2535
351,2346
354,518
357,2786
36,2074
363,1720
366,904
366,1145
372,2777
381,455
381,1962
381,2199
390,2584
390,901
390,574
390,1904
393,2826
399,2550
399,72
402,1409
405,2490
408,2068
408,2310
411,2107
411,1151
414,1386
417,2360
417,984
42,237
426,2889
426,1803
426,926
432,877
435,534
435,455
453,1121
462,579
462,2768
468,234
477,1973
48,169
480,1632
495,808
498,1734
501,1856
51,1725
519,1587
522,600
522,897
525,319
54,285
540,2344
540,2885
543,1635
549,1546
561,1522
57,2047
57,2350
579,2626
6,109
606,2635
615,240
618,2078
624,1586
63,143
648,918
654,1044
654,1036
666,1927
672,888
687,837
69,637
699,2251
702,2720
702,2189
702,2792
702,424
705,306
705,2194
708,21
717,836
72,2564
72,1973
72,1728
729,606
732,1287
738,439
741,901
741,1904
741,255
741,1104
744,1687
747,173
747,1392
75,893
750,425
762,2860
765,2139
765,2766
765,431
765,369
774,2889
774,926
78,1035
792,1380
798,2698
798,122
801,378
804,2185
807,2743
807,2047
807,2350
828,2399
831,250
837,53
843,66
858,1736
864,539
867,2479
87,352
894,2123
897,1728
9,1973
9,1
90,246
903,1164
906,2723
912,1814
921,930
927,695
93,1053
930,1148
930,2708
939,681
945,2778
951,920
957,431
957,2139
957,2766
966,2975
966,2530
966,2566
969,2563
969,1231
972,1363
978,1880
981,404
987,833
993,2835
993,1760
993,750
993,959
996,1893
996,1542
999,242
1,628
10,703
10,1438
1012,897
1012,600
1015,1446
1021,2789
1021,2289
1024,1087
1027,1826
1027,553
1042,901
1045,1072
1048,455
106,740
1063,2338
1069,343
1072,1940
1072,2750
1075,1867
1087,2227
109,816
1090,123
1093,1510
1108,2640
1111,1904
1117,1835
1126,2310
1126,2068
1135,1044
1138,1647
1138,2755
1141,2906
1141,2014
1147,18
1147,2530
1150,2368
1156,2131
1159,755
1174,798
118,2334
1180,399
1183,2581
1186,116
1189,1423
1195,1756
1198,2052
1207,933
1213,520
1219,2530
1219,2590
1234,1803
1234,828
124,172
1243,835
1246,441
1246,534
1246,901
1246,1728
1246,1973
1246,2959
1246,2802
1252,729
1258,2792
1258,1636
1261,2835
127,33
1282,1904
1288,450
1288,546
1288,625
1288,537
1288,2755
1288,2543
1291,2974
1297,1271
13,1962
130,1101
1300,2550
1303,573
1306,1762
1315,1007
1327,1483
133,2530
133,901
133,1063
1339,1117
1354,822
1357,1590
136,2545
136,2463
1363,443
1366,87
1375,1803
1375,926
1375,828
1375,2889
1381,2683
1387,142
139,2200
139,2588
1390,795
1393,1485
1396,537
1396,813
1396,561
1396,967
1399,1365
1402,1820
1408,2202
1411,2125
1411,851
1411,233
1411,1925
1411,750
1414,207
1417,2889
1423,253
1429,1485
1432,2803
1435,1770
1438,942
1441,11
1447,1446
1447,1973
1459,2404
1468,2889
1468,2614
1468,750
1468,1632
1468,666
1477,2805
148,67
1483,2079
1483,675
1486,822
1486,2889
1507,2310
1507,2068
1510,1446
1525,437
1531,534
1531,1728
1531,2959
1531,1973
1534,24
154,2667
1546,1809
1546,1386
1546,450
1546,537
1546,126
1546,617
1546,2530
1549,2898
1552,1808
1552,2261
1558,1538
157,1760
157,1961
1570,1962
1579,190
1597,2093
16,983
160,611
1603,638
1609,2191
1615,1040
1624,1809
1624,450
1624,537
1624,2792
1624,2530
1627,1435
1627,246
163,1888
1630,1869
1633,1636
1633,1044
1633,2755
1639,1091
1657,9
1657,490
1657,2203
166,881
166,2281
1660,1446
1660,750
1660,1553
1669,818
1672,649
1687,736
1693,345
1696,1604
1696,625
1696,546
1696,2755
1696,2530
1696,2532
1696,2566
1702,2755
1705,1031
1705,1807
1705,1258
1714,1973
1717,992
1717,2633
172,928
1723,2323
1726,693
1732,953
1747,2019
175,374
1765,1389
1774,2269
1777,2344
1780,7
1783,732
1783,770
1783,1624
1789,954
1789,1683
1795,877
1795,450
1795,537
1795,485
1801,1034
181,1687
1813,2730
1816,1895
1819,1579
1831,38
1834,929
1837,897
1837,600
184,758
1840,2670
1840,514
1846,1044
1846,2314
1852,1263
1861,2919
1873,1390
1876,710
19,115
19,528
190,2384
1909,36
1912,2344
1918,2150
1933,46
1939,1962
1939,450
1939,537
1945,1973
1945,1728
1951,1178
1951,238
1951,1262
1951,1394
1954,1885
196,940
1969,187
1975,984
1978,2247
1981,1926
1984,2543
1984,2612
1987,2197
199,2878
1996,2254
2002,2991
2005,2342
2005,1632
2005,236
2017,2350
2023,904
2041,660
2041,1074
2041,2534
2044,1973
2044,2959
2044,1728
2044,741
2047,2225
2050,1783
2053,2556
2062,926
2062,2885
2062,2889
2068,557
2071,1618
2074,2742
2077,2343
208,1096
2083,2438
2086,1583
2095,920
2098,1857
211,1827
2110,1963
2125,42
2128,326
2131,811
2143,2166
2152,1007
2155,1863
217,2577
2173,1732
2182,1442
2194,2086
2194,1802
2194,948
22,147
220,2380
220,575
220,478
220,1774
220,1351
2203,1802
2203,2543
2206,1094
2206,1665
2218,2076
2224,702
2227,2755
2227,1195
2227,1478
223,195
223,1320
2242,2530
2242,476
2242,1632
2251,2765
2257,1766
226,22
226,1320
2266,2615
2272,537
2272,450
2272,476
2272,2530
2296,799
2308,1895
2311,2305
2311,571
2311,1889
2314,1445
2314,1807
2314,1031
2317,2150
2320,1802
2320,450
2320,537
2320,2125
2323,559
2329,2755
2335,2034
2338,1932
2338,2423
2344,760
2350,672
2350,517
2353,2432
2356,2891
2359,850
2359,758
2371,182
238,2857
2392,1386
2398,2735
2398,757
2398,656
2413,616
2419,960
2422,1492
2422,905
2434,2997
2446,17
2452,1760
2461,1430
2464,232
2479,2887
2491,750
2491,233
2494,2792
2494,1809
2494,537
2494,450
25,1183
250,2761
2506,2418
2512,2434
253,2500
2542,1282
2548,975
2554,450
2554,1632
2554,2832
256,1621
2578,1145
2584,2959
2584,2816
2584,1973
2587,999
2593,1208
2596,466
2608,1334
2617,213
262,1044
262,2068
2620,1051
2626,64
2629,1386
2629,1993
2635,901
2656,2432
2668,682
2668,822
2668,1388
2671,851
2671,1802
2671,233
2671,450
2671,2125
268,1320
268,2858
268,2622
2683,2803
2695,1604
2695,1973
2695,2959
2710,1446
2719,2436
2719,2532
2719,450
2743,1248
2749,2415
2758,2942
277,828
2773,2820
2779,1728
2779,534
2779,451
2779,2959
2779,1973
2782,2556
2788,2044
2797,2455
28,1320
28,461
280,1478
280,888
2800,1478
2803,1286
283,2
2830,1379
2848,2036
2854,2111
2860,111
2872,1895
2878,877
2881,1064
2881,1195
2887,122
2887,549
2887,148
289,1948
2893,2257
2893,2547
2893,1651
2899,1863
2911,2926
2911,984
2911,1403
2911,953
292,1950
2923,1728
2923,534
2923,2885
2923,2959
2923,1973
2926,546
2929,1313
295,2956
2953,1195
2956,1958
2965,1320
2971,601
2983,2248
2995,1924
2998,1935
307,1031
307,1807
316,2382
322,1485
322,1524
325,2182
331,2781
34,1320
340,233
340,851
340,2125
355,1318
358,672
358,1728
358,1283
358,2802
358,2959
358,1973
367,2042
37,2071
370,2080
373,733
391,4
391,1744
394,1227
397,2857
397,1772
4,61
40,740
403,1446
403,2755
403,2545
406,2670
409,2633
409,992
412,1803
412,926
412,2889
415,2566
418,2138
418,220
421,174
424,1728
424,1029
424,1973
430,834
448,2213
451,2144
451,2577
454,1072
454,2716
457,980
46,1884
46,1728
463,1728
463,2959
466,751
472,390
472,1728
499,888
505,14
511,1481
514,81
517,485
52,194
520,52
526,246
529,320
544,2472
55,1207
562,635
568,1363
568,1446
568,431
568,2139
58,926
58,2889
580,1320
589,2209
601,1687
604,908
607,541
61,1148
61,43
613,2857
613,1808
613,84
616,666
616,2106
622,589
622,1885
625,534
625,1728
625,877
625,2959
625,1973
625,2662
631,480
634,2848
634,2973
64,2812
640,1948
646,1585
649,2724
652,888
658,233
667,1547
670,1925
673,382
682,639
688,990
688,574
694,2563
7,901
7,2603
70,2761
700,2125
700,233
700,851
709,1905
718,2159
727,1320
73,37
730,406
748,1882
748,932
754,2044
76,2562
76,1244
772,2792
778,1320
781,2386
784,1545
79,2684
796,2051
799,725
802,960
805,702
82,1863
82,1350
820,635
820,1802
826,2561
832,1103
841,2166
841,1912
847,8
85,2553
856,1697
886,1977
889,2825
895,1301
901,671
910,2330
928,29
937,156
937,1059
94,2683
94,1219
94,1840
940,1426
949,1632
949,2342
949,2755
955,1899
964,595
97,2101
982,2580
988,1991
421,174
495,808
1087,2227
10,628
1673,175
1969,187
301,1884
207,829
204,2327
1090,123
1326,1018
1694,2585
149,27
2139,2536
1461,2458
1698,2095
1880,367
1950,840
1389,1744
1147,18
152,1321
261,1458
1923,1003
217,2577
2854,2111
860,513
207,1015
100,1297
1747,2019
1024,1087
1297,1271
889,2825
2273,431
124,1099
437,718
2457,312
367,2042
285,618
407,869
1326,1580
1387,142
218,2603
1485,1814
165,2603
781,2386
1421,2012
1203,560
118,1856
1441,11
160,611
1045,312
2096,1897
2998,99
320,786
522,1142
2059,2510
694,1231
49,544
2302,428
321,2979
1831,38
2564,2204
501,2334
541,2490
2518,2235
1416,270
613,84
539,2037
2925,2695
243,65
747,1547
344,330
8,71
58,689
11,298
2811,2545
19,2877
1488,226
1,1438
2953,1478
428,6
11,109
2387,2417
261,1015
10,767
440,716
44,54
261,352
298,2934
542,1605
