213
96
137
159
147
16
262
273
198
77
174
99
3
134
39
256
155
294
71
242
4
122
206
78
193
54
125
51
105
266
118
11
229
279
248
6
146
47
170
238
278
258
257
194
285
103
129
132
113
197
88
177
181
263
236
143
164
107
250
186
2
48
138
5
168
252
140
56
82
74
179
115
12
280
247
8
292
149
202
131
209
86
222
221
24
130
148
79
232
203
265
127
300
243
277
291
228
150
240
144
70
84
255
139
35
218
261
55
151
59
220
111
33
274
36
85
212
106
208
69
272
26
31
205
15
239
267
182
68
60
58
41
241
225
114
43
259
264
80
190
9
245
260
268
201
10
163
100
126
219
161
142
227
73
27
141
169
120
211
253
97
7
20
28
110
112
104
17
65
90
234
63
124
66
67
217
254
184
187
61
109
30
29
180
49
166
64
40
72
282
21
19
42
83
92
200
102
275
152
75
172
289
76
18
298
196
14
251
22
57
160
283
288
165
249
271
81
281
87
224
1
117
297
246
171
207
178
145
13
188
25
121
189
237
156
270
299
101
230
32
296
23
119
37
235
154
183
286
295
135
53
44
158
93
153
204
34
290
192
214
62
95
244
226
216
215
233
46
173
167
269
284
231
108
185
128
94
45
176
199
136
157
210
223
276
52
191
38
91
162
89
293
287
116
175
133
50
195
98
123
