162
215
66
32
189
282
284
168
102
171
264
163
293
94
74
146
53
314
216
15
24
228
48
242
195
113
190
167
323
306
234
26
131
150
115
262
227
292
50
135
172
213
236
182
287
187
205
269
133
81
197
180
139
20
67
145
222
125
104
304
174
107
326
217
218
75
147
101
40
27
8
70
275
112
61
155
114
233
154
300
232
46
176
270
103
96
273
247
99
158
119
200
57
108
134
173
23
237
116
82
311
111
5
286
91
83
208
14
201
194
143
321
202
186
251
84
254
271
196
299
249
231
244
303
308
122
9
33
250
266
305
261
243
188
65
85
7
209
93
138
223
148
4
16
149
325
62
315
288
69
245
206
78
185
296
259
43
90
268
58
28
36
298
281
256
278
29
19
44
127
267
97
328
129
49
164
21
77
157
136
110
258
255
42
294
11
214
317
161
144
198
68
38
34
95
280
220
152
310
181
52
277
100
55
291
272
207
319
295
153
199
260
56
240
312
86
37
327
274
225
71
59
224
318
10
17
22
76
302
324
263
170
192
210
13
203
301
241
45
230
47
320
297
35
109
184
130
177
239
92
178
290
132
142
6
226
329
248
313
193
285
140
316
246
151
191
30
98
120
235
166
106
18
88
72
64
60
31
221
211
238
276
3
105
51
121
212
54
79
159
169
307
80
257
322
219
41
229
160
126
118
279
128
165
73
25
265
283
12
137
1
253
89
252
289
330
63
179
175
156
39
204
124
141
123
87
117
309
2
183
