id1,id2,matching_probability
0,1180,1.0
1,628,1.0
10,1438,1.0
1005,1124,1.0
1010,1713,1.0
1023,347,1.0
1024,1087,1.0
1027,553,1.0
1038,2390,1.0
1045,1072,1.0
1047,560,1.0
105,2100,0.8
1058,2630,1.0
106,740,1.0
1063,2338,1.0
1072,2750,1.0
1075,1867,1.0
108,59,1.0
1087,2227,1.0
109,816,1.0
1090,123,1.0
1093,1510,1.0
11,298,1.0
110,283,1.0
1106,2511,1.0
1107,1237,1.0
1108,2640,1.0
1117,1835,1.0
1122,1470,1.0
1124,2780,0.9
113,1884,1.0
1133,1900,1.0
114,477,1.0
1141,2906,1.0
1142,188,1.0
1147,18,0.9
1149,2672,0.9
1154,30,1.0
1155,1875,1.0
1158,1184,1.0
1159,755,1.0
116,472,1.0
1161,396,1.0
1163,511,1.0
1166,763,1.0
1169,153,1.0
117,606,1.0
1174,798,1.0
118,2334,1.0
1180,399,1.0
1183,2581,1.0
1184,2309,1.0
1189,1423,1.0
119,1862,1.0
1193,621,0.9
1195,1756,1.0
1199,2639,1.0
1202,1095,1.0
1207,933,1.0
1213,520,1.0
1215,297,1.0
122,391,1.0
1224,950,0.8
1227,2096,1.0
123,45,1.0
1238,2169,1.0
124,172,1.0
1241,1307,1.0
1243,835,1.0
1245,114,1.0
1246,441,0.8
1247,1685,0.9
1252,729,1.0
1254,539,1.0
126,267,1.0
1265,278,1.0
127,33,1.0
1272,2208,1.0
1281,1071,1.0
1283,1277,1.0
1291,2974,1.0
1296,2759,1.0
1297,1271,0.7
1298,274,1.0
130,1101,1.0
1304,132,1.0
1306,1762,1.0
1307,256,1.0
1308,502,1.0
1313,1517,1.0
1316,446,1.0
1317,1387,1.0
132,678,0.9
1326,1018,1.0
133,1063,1.0
1332,2322,1.0
1338,329,0.9
1339,1117,1.0
134,13,1.0
1341,1534,1.0
1343,49,1.0
135,618,1.0
1352,1660,1.0
1357,1590,1.0
136,2463,1.0
1361,258,1.0
1362,249,1.0
1363,443,1.0
1366,87,1.0
1368,2570,1.0
1374,2484,1.0
1377,55,1.0
1380,742,0.9
1386,2967,0.9
1387,142,1.0
1389,1744,1.0
139,2200,1.0
1390,795,1.0
1395,2118,1.0
140,240,1.0
1403,2070,1.0
1406,848,1.0
1408,2202,1.0
1410,1817,1.0
1414,207,1.0
1415,1322,1.0
1416,270,0.8
1421,2012,1.0
1423,253,1.0
1430,385,1.0
1435,1770,1.0
1437,245,1.0
1438,942,0.9
144,516,1.0
1441,11,0.9
1442,1243,1.0
1443,2757,1.0
1446,98,1.0
1459,2404,1.0
146,434,1.0
1460,562,1.0
1461,2458,1.0
1465,1574,0.525
1467,1201,1.0
148,67,0.9
1488,232,1.0
149,27,1.0
1494,2646,1.0
1497,1769,1.0
1508,1740,1.0
1512,1226,0.7
152,1321,1.0
1521,1897,1.0
1523,1843,1.0
1525,437,1.0
153,31,1.0
1532,2439,1.0
1534,24,0.9
1538,2862,1.0
154,2667,1.0
1542,453,0.9
1546,126,1.0
1551,2830,1.0
1553,2201,1.0
1556,1355,1.0
1557,1413,1.0
1558,1538,1.0
156,1356,1.0
1565,2928,1.0
1566,2933,1.0
157,1760,1.0
1571,1172,1.0
1579,190,1.0
158,2982,1.0
1581,1610,1.0
1583,2064,1.0
1586,15,1.0
1596,1979,1.0
1597,2093,1.0
16,983,1.0
160,611,1.0
1603,638,1.0
161,809,1.0
1616,1260,1.0
162,2401,1.0
163,1888,1.0
1630,1869,1.0
1639,1091,1.0
164,22,1.0
1641,241,1.0
1646,1026,0.9
1649,2660,1.0
1652,1871,1.0
1653,2005,1.0
1654,341,0.9
1657,9,1.0
166,2281,1.0
1660,1553,1.0
1664,2909,1.0
1669,818,1.0
1670,34,1.0
1672,649,1.0
1673,175,1.0
1685,26,1.0
1687,736,1.0
1688,400,1.0
1693,345,1.0
1694,2585,1.0
1698,2095,0.9
17,2306,1.0
170,39,1.0
1703,624,1.0
1705,1258,1.0
1707,2953,1.0
1712,2160,1.0
1713,140,1.0
1719,312,1.0
172,928,1.0
1723,2323,1.0
1724,2041,1.0
1725,1661,1.0
1726,693,1.0
173,159,1.0
1733,1167,1.0
1736,497,1.0
1747,2019,0.9
175,374,1.0
1755,412,1.0
176,705,1.0
1760,531,1.0
1774,2269,1.0
1779,2179,1.0
1780,7,0.9
1781,807,1.0
1782,1149,1.0
1783,770,1.0
1787,1706,1.0
1789,954,1.0
1790,1077,1.0
1791,2847,1.0
1796,12,1.0
18,197,1.0
1808,570,1.0
1811,1275,1.0
1812,945,1.0
1813,2730,1.0
1814,293,1.0
1818,426,1.0
1819,1579,1.0
182,2237,1.0
1821,551,1.0
183,1831,1.0
1831,38,0.9
1837,600,0.9
1840,514,1.0
185,1203,0.9
1850,464,1.0
1851,75,1.0
1853,1883,1.0
1856,198,0.9
186,262,0.9
1869,317,1.0
1871,2273,1.0
1880,367,1.0
1887,545,0.8
189,1832,1.0
19,528,1.0
190,2384,0.9
1902,475,1.0
1909,36,1.0
191,2764,1.0
1911,665,1.0
1916,2388,1.0
192,294,1.0
1923,1003,1.0
1925,1866,1.0
1932,1855,1.0
1933,46,1.0
1937,876,0.9
194,3,1.0
1946,467,1.0
1950,840,1.0
1954,1885,1.0
1969,187,1.0
1976,309,1.0
1978,2247,1.0
198,2554,1.0
1980,1446,0.9
1984,2612,1.0
1987,2197,1.0
199,2878,0.9
1991,171,0.9
2,2212,1.0
20,674,1.0
2000,699,1.0
2001,5,1.0
2002,2991,1.0
2005,236,1.0
2006,2668,1.0
2009,23,1.0
201,1015,1.0
2013,393,1.0
2024,354,1.0
2028,40,1.0
2030,1747,0.9
2034,44,1.0
204,2327,1.0
2040,880,1.0
2043,1816,0.9
2050,1783,1.0
2054,510,1.0
2060,2729,1.0
2068,557,1.0
207,829,1.0
2079,1028,0.9
2096,60,1.0
210,2355,1.0
2102,1418,1.0
2103,248,1.0
2108,1303,1.0
211,1827,1.0
2112,1957,1.0
2115,2837,1.0
2125,42,1.0
2131,811,0.9
2138,2671,1.0
2139,2536,1.0
2144,2797,1.0
215,90,1.0
2154,336,0.9
2156,2629,1.0
2157,135,1.0
217,2577,1.0
2172,2751,1.0
2184,124,1.0
2194,948,1.0
22,147,1.0
220,575,1.0
2206,1665,1.0
2207,2690,1.0
2225,2453,1.0
223,195,1.0
2231,2955,1.0
2234,2398,1.0
224,2265,1.0
2251,2765,1.0
2257,1766,1.0
2266,2615,0.9
2267,1205,1.0
2273,431,1.0
2277,989,1.0
228,1187,1.0
2289,2538,1.0
229,2272,0.9
2296,799,1.0
23,507,1.0
230,2897,0.9
231,163,1.0
2314,1445,1.0
2323,559,1.0
2325,57,1.0
2332,743,1.0
2333,1642,1.0
2335,2034,1.0
2337,287,1.0
2338,1932,1.0
2339,1972,1.0
234,982,1.0
2345,1083,1.0
2356,2891,1.0
2359,850,1.0
2363,2266,1.0
2366,2568,1.0
2371,182,0.9
2381,2377,1.0
2387,2417,1.0
239,2437,1.0
2393,2443,1.0
2398,656,1.0
24,88,1.0
2403,1369,1.0
2412,1537,1.0
2414,1333,1.0
2417,823,0.9
242,32,1.0
2420,2559,1.0
2422,905,1.0
2425,660,0.9
243,65,1.0
2434,2997,1.0
2446,17,1.0
2451,2142,0.8
246,608,1.0
2461,1430,1.0
2477,1964,1.0
2480,976,1.0
2481,1360,1.0
2484,1559,1.0
2489,891,0.9
2498,1691,0.9
25,1183,1.0
2502,1994,1.0
2506,2418,1.0
251,2607,1.0
2512,2434,1.0
253,2500,1.0
2531,1441,1.0
2534,353,1.0
2540,748,1.0
2542,1282,1.0
2548,975,1.0
255,63,1.0
2553,91,1.0
2574,2883,1.0
2576,715,1.0
2584,2816,1.0
2593,1208,1.0
2595,1462,1.0
2601,602,1.0
2603,1241,1.0
2604,713,1.0
2608,1334,0.9
2617,213,0.9
2620,1051,1.0
2622,2013,1.0
2626,64,1.0
2627,141,1.0
2646,20,1.0
2649,2477,0.7
266,651,1.0
2663,281,1.0
2668,682,1.0
267,1876,1.0
2676,1045,1.0
268,2622,1.0
2687,819,1.0
269,717,1.0
27,801,1.0
2713,703,0.9
2719,2436,1.0
272,201,1.0
2721,2325,0.9
2723,1253,1.0
273,1458,1.0
2732,361,1.0
2735,1573,1.0
2739,2794,1.0
2743,1248,1.0
2749,2415,1.0
275,2659,1.0
2758,2942,1.0
2759,125,1.0
2760,1539,1.0
2771,1486,1.0
2773,2820,1.0
2774,181,1.0
2779,451,1.0
279,1309,1.0
2797,2455,1.0
28,461,1.0
2802,1513,1.0
2803,1286,0.8
2804,1646,1.0
2811,150,1.0
2816,854,1.0
282,1023,1.0
2822,2516,1.0
2825,886,1.0
283,2,1.0
2830,1379,1.0
2831,1776,1.0
2837,2499,0.9
2844,1873,1.0
2848,2036,1.0
285,2037,1.0
2853,1466,1.0
2854,2111,0.9
2855,1561,1.0
2860,111,1.0
2864,1306,1.0
287,2807,1.0
2870,1531,1.0
2873,2489,1.0
288,2591,1.0
2881,1064,1.0
2887,148,1.0
289,1948,1.0
2892,1790,1.0
2910,1974,1.0
2925,2695,1.0
2929,1313,1.0
2937,2571,1.0
294,41,1.0
2945,315,1.0
2949,1093,1.0
295,2956,1.0
2956,1958,1.0
2963,2954,1.0
2969,1255,0.9
297,2510,1.0
2971,601,1.0
2973,381,1.0
2975,785,0.9
2978,2152,1.0
2983,2248,1.0
2987,95,1.0
2997,1293,1.0
2998,1935,1.0
30,2060,1.0
307,1031,1.0
308,1488,1.0
314,504,1.0
315,0,1.0
316,2382,1.0
317,215,1.0
32,158,1.0
321,2979,1.0
322,1524,1.0
324,1881,1.0
325,2182,0.9
327,101,1.0
330,1451,1.0
331,2781,1.0
333,1908,1.0
341,806,1.0
342,365,1.0
345,766,1.0
348,2285,1.0
350,783,1.0
351,2346,1.0
354,518,1.0
355,1318,1.0
356,2655,1.0
357,2786,1.0
358,1283,1.0
359,223,1.0
36,2074,1.0
363,1720,1.0
365,2726,1.0
367,2042,0.8
37,2071,1.0
370,2080,1.0
372,2777,1.0
373,733,0.9
38,1606,1.0
381,2199,1.0
391,4,1.0
392,2077,1.0
393,2826,1.0
394,1227,1.0
395,1521,1.0
397,1772,1.0
399,2550,1.0
4,61,1.0
402,1409,1.0
404,444,1.0
405,2490,1.0
407,348,1.0
41,330,1.0
410,204,1.0
411,1151,1.0
42,237,1.0
421,174,1.0
424,1029,1.0
428,6,0.9
430,834,1.0
437,718,0.6
44,54,1.0
440,716,1.0
443,2746,1.0
448,2213,1.0
452,1641,1.0
453,1121,1.0
454,2716,1.0
461,1746,1.0
462,579,1.0
466,751,1.0
468,234,1.0
47,1297,1.0
472,390,1.0
473,2144,1.0
48,169,1.0
485,1735,1.0
495,808,1.0
498,1734,1.0
5,790,1.0
50,1070,0.9
501,1856,1.0
505,14,1.0
509,1310,1.0
51,1725,1.0
511,1481,1.0
512,2015,1.0
514,81,1.0
52,194,1.0
520,52,1.0
521,104,1.0
525,319,1.0
527,1150,1.0
529,320,1.0
53,235,1.0
536,1364,0.9
54,285,1.0
542,1605,1.0
543,1635,1.0
548,1878,1.0
549,1546,1.0
55,1207,1.0
551,1402,1.0
557,177,1.0
56,473,1.0
562,635,1.0
57,2350,0.9
579,2626,1.0
58,689,0.8
59,386,1.0
593,377,1.0
6,109,1.0
604,908,1.0
605,810,1.0
606,2635,1.0
607,541,1.0
608,108,1.0
61,43,1.0
611,2944,1.0
613,84,1.0
623,233,1.0
624,1586,1.0
629,907,1.0
63,143,1.0
631,480,1.0
634,2848,1.0
635,701,1.0
64,2812,1.0
646,1585,1.0
647,1020,1.0
648,918,1.0
649,2724,1.0
654,1036,1.0
666,1927,1.0
667,1547,1.0
673,382,1.0
682,639,1.0
688,990,1.0
69,637,1.0
699,2251,1.0
7,2603,1.0
70,2761,0.9
701,943,1.0
704,2739,1.0
705,306,1.0
707,1137,1.0
708,21,1.0
709,1905,1.0
716,685,1.0
717,836,1.0
718,2159,1.0
72,2564,1.0
728,861,1.0
73,37,1.0
730,406,1.0
731,2506,1.0
732,1287,1.0
738,439,1.0
741,255,1.0
743,1653,1.0
747,173,1.0
748,932,1.0
750,425,1.0
754,2044,1.0
755,1459,0.9
76,1244,1.0
762,2860,1.0
765,369,1.0
77,231,1.0
78,1035,0.9
781,2386,0.9
782,1674,1.0
784,1545,1.0
79,2684,1.0
792,1380,1.0
799,725,1.0
8,71,1.0
80,1105,1.0
801,378,1.0
802,960,1.0
804,2185,1.0
82,1350,0.8
826,2561,1.0
83,191,1.0
831,250,1.0
832,1103,1.0
833,2519,1.0
837,53,1.0
843,66,0.9
845,1398,1.0
847,8,1.0
85,2553,1.0
854,322,1.0
856,1697,1.0
858,1736,1.0
86,113,1.0
860,513,1.0
863,2057,1.0
867,2479,1.0
87,352,1.0
884,2219,1.0
887,771,1.0
889,2825,1.0
890,2492,1.0
894,2123,0.9
895,1301,1.0
9,1,1.0
901,671,1.0
902,1235,1.0
903,1164,1.0
906,2723,1.0
910,2330,1.0
911,2033,1.0
914,368,1.0
921,930,1.0
926,282,1.0
927,695,1.0
928,29,1.0
93,1053,1.0
932,323,1.0
937,156,1.0
939,681,1.0
94,1219,1.0
940,1426,1.0
95,1043,1.0
953,853,1.0
955,1899,1.0
964,595,1.0
966,2975,1.0
968,542,1.0
969,1231,1.0
97,2101,1.0
977,2445,1.0
978,1880,1.0
98,1005,1.0
981,404,1.0
982,2580,0.9
983,1621,0.9
986,633,1.0
987,833,1.0
988,1991,1.0
989,51,0.8
995,1588,1.0
996,1542,1.0
998,1764,1.0
999,242,1.0
